498
17378
578
100
46
126
158
798
515
3455
744
6396
311
67
103
431
222
1887
812
70752
897
1326
610
228
1142
976
192
848
372
311
59
284
0
1332
348
80
9
66101
529
17
85
0
17
1062
125542
614
109
20236
313
17
2734
2
17
374
7
502
21
286
17
574
68
788
4893
170
10
581
147
233
22712
339
977
183
22
45
61
360
4907
32925
1
375
1042
48
835
79
302
519
433
379
1815
55
449
2028
263
1592
3984
1212
2496
25
4
235
6
1361
835
576
381
104
1757
288
30
240
217
1361
0
216
282
529
1167
349
775
1361
43
3464
3
466
1361
104
1361
240
1013
1138
180
1092
192
46
41
211
552
103
502
330
505
57
829
812
297
149
286
29
574
116
9
1121
91
20
90
241
186
30
145022
482
268
69
510
4815
116
731
12
22
643
165
939
44995
2861
751
196
211
794
83
370
0
433
192
286
319
334
91
143
434
373
10
186
1614
81
5324
343
43
203
7
2331
375
5383
42
1198
902
1
8734
861
24
299
313
29
877
699
507
1756
53
194
547
6
24055
390
1321
1295
194091
183
258
57
59
175
528
212
1077
1687
686
144
573
367
66
1259
2241
75
5
112
125
592
306
37
161
1246
306
411
102
1831
5300
122
66
144
554
472
7481
818
49909
209
29
192
148
302
1042
251
21898
548
21898
314
79
1497
21898
21898
10675
202
2
1849
37
322
1364
178
433
775
465
7233
689
358
10
118
1206
2381
424
473
2273
22
791
492
247
111
227
25
247
39
293
1254
91
159
990
440
998
85
102
3048
502
2217
262
1924
10
378
636
2784
236
318
14
276
29
6
1659
168
1040
1377
2
16155
10
216
548
21
112
131
2899
26
1506
11
107
934
32
1703
473
13
155
99
176
730
29
3469
68
645
1206
229
50
7548
412
10
59
123
383
186
25
270
2702
12
292
409
51
498
2381
22
3171
112
503
203
375
104
471
196
854
418
549
1
71
252
43
23413
7
148
433
167
835
570
1626
107
120
795
67
136
5786
1474
501
2577
970
192
463
901
463
199
258
97
4081
327
211
12
95
59
768
670
505
1819
1570
10
4714
2450
2221
21394
1173
2785
1203
18831
76
236
91
1192
1335
520
1040
6168
2884
14692
40
83
315
235
73
0
23
936
494
431
166
0
795
298
953
6
352
5
349
193
1043
1358
103
2545
445
87
208
5135
22
29
628
610
53
977
374
228
5841
808
156
11
304
433
444
0
45
551
356
22
751
104
1044
14
0
27
158
127
849
3626
174
132
0
681
1291
11
348
75
69
475
1196
5534
893
1001
236
511
290
269
8
1056
246
261
815
674
1826
15394
7733
79
6172
58
57
650
147
447
291
670
57
171
890
167
36
343
27
127
175
112
675
2201
31
37
187
13612
565
289
13835
859
8
613
382
3488
22
0
8
339
75
9
1641
333
299
3378
331
731
238
693
10
245
3622
433
1981
48
235
252
378
229
466
161
571
238
153
7
138
7147
348
179
5148
49
548
29
760
984
237
27
133
206
1884
719
2266
455
161
2378
1062
1906
416
616
290
863
3234
91
1343
5
22
1787
7
38
445
219
576
975
299
73072
203
4
1291
28
217
47
112
1683
34
1350
59
667
76
1350
902
764
204
863
138
185
3
476
756
3535
364
130
29
421
791
13904
851
11269
3545
958
7439
4381
13
433
301
1100
479
2006
5
377
205
124
53
325
29
776
29
4
263
244
51
10
5
37
12
341
1960
73
234
510
1073
399
690
650
210
796
3127
1153
204
85
582
2065
489
470
59
64
459
220
14
387
8674
65
49
207
215
207
87
447
219
270
252
1545
1039
185
127
67
738
240
408
89
424
203
185
86
442
681
2115
408
290
305
0
40565
317
132
276
322
160
51
1252
3188
320
370
11328
108
1530
38
887
1444
385
1
3393
5809
29
126
433
873
350
155
19
48
1610
987
127
332
490
418
458
82
650
351
37
72
831
1181
1040
389
430
114
357
1002
996
758
1040
10
172
362
51
1040
186
159
497
665
348
328
117
223
115
2361
10
73
22
1
223
61
18504
1163
279
4188
1101
541
1
47
1569
170
103
265
58
125
13595
3092
26
901
121
567
818
86
54
219
10
2082
298
61
203
661
84
127
113
339
10262
79
1073
4300
196
929
90
297
9810
177
61
1698
29
131
176
707
20
940
1502
161
12
371
137
12
6832
9058
1347
315
46
360
385
287
937
463
18504
345
272
3514
58
21898
21898
307
358
21898
21898
154
162
15
242
14692
257
3503
1346
10
901
433
494
15
6
123
104
1561
85
1424
210
5036
18504
167
1224
29
852
151
31982
1222
3083
147
564
189
25270
63124
1024
817
129
104
31
766
371
68
72
66
691
328
764
116
588
99
338
45935
209
2459
945
12
122
2429
86
564
831
93
67
551
54
12
121
138
123
18504
1472
387
387
1298
22
1765
126
3
14
6140
1527
19
424
582
270
34750
106
7013
369
1525
71
18
199
58
26
719
508
752
265
4612
690
40
949
143
353
86
154
8577
143
1527
6153
1664
782
30
466
142
33
3645
105
259
1602
1
10
302
501
18504
332
426
240
37
1453
255
219
290
233
2
74
1924
227
524
1360
463
440
543
209
2596
25
637
3186
4612
7538
165
170
432
1277
1016
373
3464
582
182
71
973
22
29
234
5
1778
18504
758
875
758
180
1547
676
642
12
3479
603
322
7130
582
291
40
0
1434
2
1095
582
155
485
247
255
34
155
888
330
234
1299
1677
313
189
582
189
85
19
56329
3
64
34
182777
0
466
4037
562
32
347
250
241
148
255
407
18716
104
49
2939
300
29
222
3813
162
29
324
712
8
204
188
826
17341
1053
7669
833
897
443
3
6
128
648
28
582
30
1391
20
2766
82
347
10
131
1376
18504
102
475
86
718
163
444
395
147
183
319
433
139
801
445
1084
56
7
135
683
29
452
132
2257
732
1127
50
52
103
3972
97
120
51
541
1305
69
6761
7958
383
2054
245
161
1054
192
1714
66
20
590
29
61
690
159
517
368
110
18504
15
38
4900
648
75
159
44
13
53
9
739
1266
120
198
122
582
716
84
2659
747
87
179
6
212
91
319
40565
183
75
532
127
104
348
2
890
13
0
935
433
83
1021
412
513
653
2658
161
1362
24
192
643
5
3038
63
1032
895
1188
688
186
1147
127
890
29
209
3234
4888
2940
21342
4373
28
245
439
804
480
528
101
6248
18504
36
564
342
147
290
113
286
68
1119
58
278
902
89
154
33
410
57
96
1092
79
203
6
92
71
202
68
31
661
505
556
976
337
106
247
18504
85
29
2399
269
227
2805
257
120
1279
711
80
1334
71
882
214
302
4356
75
1448
343
916
272
32
1238
5
506
186
174
1851
180
122
335
40565
173
75
2605
44
64
496
3330
24
2695
131
124
19
321
200
358
1797
179
60
1135
321
27
564
60955
1584
2381
433
2985
14598
18
4984
526
943
156
1670
2478
479
1405
708
1162
286
19097
265
4292
5912
48
60
366
508
571
278
215
245
82
1650
28
1
1095
523
11
94
233
1022
226
368
102
29
102215
1091
143
251
10
2847
630
35
1481
637
23
12
137
745
178
66
96
31
10
400
599
722
478
167778
543
179
3305
551
1024
235
433
93
397
975
562
5970
21898
348
21898
21898
21898
1424
21899
2060132
457
1127
433
0
238
608
106
72
308
1104
183894
898
472
541
204
15766
1672
16
876
2920
398
707
308
444
256
92
158
1527
91
161
822
2046
1152
407
506
189
3844
2496
485
220
637
308
240
579
432
16
313
4
3
151
248
343
10
822
613
487
121
46248
4
44
401
3640
355
7934
285
62
739
551
306
22
217
9
681
79
311
4316
459
67
663
287
24609
212
1019
291
191
18771
55
619
433
274
200
512
9
272
189
29
354
2589
371
311
356
249
363
455
278
147
279
51
496
365
11
871
376
36
327
1023
1343
3129
260
106
608
34
245
6
433
28
566
782
68
0
355
212
15
519
11
630
691
316
695
1094
114
6
235
338
195
3370
10
499158
281
102
533
195
166
123
4271
7804
110
1994
369
2381
56
48
161
1119
208
11308
1264
212
620
29
0
410
66
81
325
21725
322
239
51940
220
1106
1599
416
19
791
140
1555
716
83
381
8959
1270
1384
303
392
24
229
1271
573
30
47
499
4371
226
2698
93
111
375
130
272
327
236
964
854
64
151
95
94
204
22
1109
34
92
263
260
311
447
599
315
127
50
8723
1841
739
599
641
1188
233
591
5820
297
184
805
599
41
22
599
29
400
5157
104
9
373
107
5085
5500
223
80
592
879
105
961
433
85
10
3139
239
210
200
78
7632
193
5749
201
82
533
10
722
546
229
112
12075
213
14099
3911
1808
126
471
510
204
236
388
900
1851
1515
579
150
294
229
22888
773
400
10
50
2841
2684
24
1118
1116
171
41
432
1215
45
391
579
227
0
214
56
421
545
6468
1527
216
4979
154
1584
200
1129
169
92
1403
78
442
565
9
6199
1556
4211
74
250
428
154
209
79
181
10
29
63
370
559
198
1721
1383
3945
579
315
929
3645
808
221
527
107
5354
125
644
3912
276
528
378
83
2256
844
235
119
494
433
72
47
40
195
730
2352
3655
38
593
314
353
16623
1700
0
22
58
807
216
1370
21898
278
130
263
242
1270
3076
685
248
127
682
91
405
130
157
2703
55
188
1032
6359
3771
896
10644
288
504
244
429
1357
1640
193
317
510
337
3415
31
281
1259
27
415
134848
254
433
553
4626
89
454
1072
24
23
15
151
14692
98
717
37
222
854
10
508
0
77
506
27
1515
83
16840
620
161
1078
675
18831
319
27
278
211
374
2104
1222
87
12
456
11465
151
1275
45
191
560
460
159
160
211
10
1016
470
615
668
22
246
56
41
111
56
260
10
281
380
69
280
21
2339
210
88
81
0
545
30
268
504
250
1084
2031
503
573
508
145
752
1797
275
2611
123430
35
157
109
309
44
360
573
298
23748
398
27
433
508
655
19492
10
231
245
115
508
2248
1140
1539
170
67
233
145
360
834
69
0
142
40565
466
297
8
490
10094
193
1194
166
171
270
135
543
387
61
325
545
101
45
81
4164
1438
79
4507
417
122
8076
629
1482
43938
387
599
48
234
508
332
193
373
244
48
459
10
0
319
723
447
308
204
2094
57
293
114
2230
249
244
11
2607
1302
126
148
527
410
551
208
504
1733
1748
9
663
259
47
163
170
399
1494
10
538
99
263
350
46
216
169
485
56
433
188
56
22
7934
80
297
504
489
186
111
289
82
941
901
947
50
8689
28
4659
208
21
28
599
2843
594488
744
172
145
307
194
345
120
325
249
991
132
276
5
138
96
1396
1092
523
1431
29
188
79
161
339
1144
28
282
514
7153
592
56
20
166
105
4219
161
407
138
56
256
5
1095
1570
1112
330
246
174
15405
21
1799
304
473
1078
335
22
3102
1413
345
2277
801
201
61
2372
40
563
14
3980
43
86
3381
925
334
559
67
550
52
8827
59
241
49
52
191
6
10
295
1332
26
901
84
305
1
267
24
1176
4
1560
1681
647
936
669
7540
41
15
153
542
80
1637
12
3019
470
818
147
807
2760
29
378
119
338
5420
45
100
215
581
117
131
5
868
267
0
1276
32
414
345
3364
91
18
7016
158
533
2081
10
279
18
9
178
387
6725
46
28
116628
440
46
1317
519
22
718
187
86
12
833
10
6
579
232
32
3248
230
1038
44
73
260
104988
112
1194
275
2496
217
558
278
214
14728
739
274
484
641
404
752
135
357
161
1710
86
5
16
1691
29
1560
125
16
45935
225
190
16
470
127
34
201
1606
9
913
79
1480
2
278
192
1040
685
1949
57
86
8
433
10
1732
19074
790
1419
656
0
33
25
778
551
640
16676
1710
2
33
317
0
778
6087
1168
531
378
879
65
8831
306
4
161
869
0
1378
3447
1457
1710
109
1100
347
160
1337
4496
204
248
199
128
252
16
179
982
183
427
411
53
16
114
11
111
238
248
525
1
183
2522
1356
7
778
248
143
53
115
1160
1428
203
621
2252
120
40034
22
80
0
45
38
126
29
1270
18262
84
444
2497
58
2911
84
350
2009
962
242
1617
507
2553
270
778
0
1
95
170
5193
277
280
141
125543
65
181
424
1775
22
11937
643
147
84
1766
2
10
172
3464
1543
322
636
161
906
325
268
571
873
56
321
263
544
385
1034
333
70
29
222
48
58
906
158
1460
22
1569
51
485
271
345
447
315
581
113
2920
146
388
199
385
29
342
1813
559
35
192
632
260
1247
331
193
137
103
46
1003
147
543
71
104
2325
2319
145
108
422
4035
99
561
108
19
1555
21778
8263
119
18716
82
331
1
126
177
39495
10
1653
174
29
22
3676
88
30808
180
995
30
319
364
6366
1103
30808
8
219
262
70
2347
39108
1444
3752
109
152
3030
181
140
1425
205
8
351
676
7
214
30
278
214
1031
358
105
47
139
644
156
68
237
385
401
449
246
804
2496
15
13
50
251
335
639
134
1083
201
37
2014
493
137
2794
154
1562
160
554
202
133
68
375
343
273
129
187
569
29
6934
450
552
190
902
15
842
579
618
393642
1035
53
1078
347
120
7669
883
92
1379
575
566
183
389
1060
220
23
1216
2
44462
202
220
441
45205
286
204
7592
772
449
2016
6324
258
181
6
4
416
22
10
145
10
649
67
579
2016
651
51
213
318
513
29
428
261
187
59
476
317
293
0
283
6035
2016
57396
305
7785
1439
4562
1
248
10020
45
8096
289
331
674
95
12
581
278
359
361
947
299
1098
12
2133
1310
415
7849
358
952
1829
781
124
192
28
118
955
161
1260
177
169
241
185
479
1
323
88
2711879
115
814
188
61
167
1024
339
5093
1686
624
19
455
581
1057
174
5420
23
29
281
293
3095
33
389
1
13
4253
9
10484
930
91
974
1188
12
0
63
55
2559
917
195
218
64
432
433
125
503
453
2023
230
128
124
569
223
17
420
270
259
110
408
3
1452
1140
112
286
8
10
12
610
51
500
164
1173
31
3842
139
366
5170
74922
107
983
69
1229
437
5
1314
74
409
57
3967
2847
10
265
0
512
161
109
103
2352
201
557
29
642
1012
1281
621
2481
190
18
574
1039
24
355
536
91
1113
72
109
248
135
218
213
173
828
6765
30699
254
22
1412
228
2753
1343
1126
253
11
3112
14
3163
3556
4971
774
330
7934
515
58
829
795
537
3418
17
1401
71
324
39
132
155
9415
542
155
5168
1096
156
201
245
483
23643
1
589
322
29
367
116
188
221
2085
1377
13
1228
787
5135
437
5
1627
444
88
80
7952
104
569
260
136
5
261
147
565
1253
94029
10
150
1531
2581
3009
2376
950
292
470
2991
180
28
5355
516
57
660
250
9
213
10
2753
105
0
54
6
659
186
400
11
679
5558
142
19
1313
791
433
3
29
224
459
716
124902
2
89
94
2585
1040
191
2830
259
192
118
1116
8
332
2753
27
771
433
165
858
223
410
771
468
338
790
771
143
573
289
771
574
434
46
208
812
1725
104
191
71828
0
2
940
819
407
204
190
25
1846
10
51
241
163
90
263
1213
266
1034
353
136
364
444
725
442
111
317
549
694
210
286
8800
25
666
53471
54
308
469
836
473
208
140
3140
84
109
213
382
886635
433
554
318
177
1084
461
260
458
151
33
133
17
177
3758
414
1109
720
17
382
40
832
365
3551
149
954
29
278
9415
343
417
14207
353
222
310
87
9415
309
348
1157
111
96
180
1156
292
236
266
854
5
8
276
29
884
211
119
115
80
2683
94
8
349
38
199
1396
81303
837
1735
977
22
1151
409
860
171
167
210
2148
199
333
10
1456
270
104
815
873
196
102
1066
245
2834
170
105
3305
27
613
330
144
370
162
192
10
110
54571
618
29
25
3306
10894
1332
66
1455
389
3538
469
630
1084
1014
14
19348
433
543
425
175
370
56
204
177
154
852
43
651
204
88864
158
318
1454
99
3
1168
46
835
657
183
378
1454
26
557
391
141
24
264
1454
115
2
449
1436
463
48
182
279
263
29
29
1066
2566
104
48
931
46
182
227
190
1242
1160
14
22
1055
168
8
6380
113
457
4453
13
49
479
2043
632
498
274
794
1314
192
138
556
166
147
10
6886
13752
433
19
358
0
257
1495
669
57
5
66
183894
365
9
15291
107
10
347
14
137
1115
75
833
29
2703
913
324
1029
99
70
1970
682
1711
1970
479
369
369
564
209
22
1970
188
172
343
1970
66
158
87
1970
5097
250
324
227
309
1
102
432
509
298
136
156
178
298
10
104
2408
298
155
133
15
316
10
33
96
97
915
229
5
1419
84
70
1524
262
24
2497
122
48
476
436
46
203
14
3019
24
192
433
697
170
26
46
0
291
583
29
0
511
91
177
5077
50
160
50
895
2983
816
324
744
407
264
457
669
51
15
7
0
125
26
522
522
357
76
83
340
8
24
842
2845
440
111
207
111
901
935
752
64
7557
263
6110
86
1159
430
723
29
64
4772
783
1379
218
239
54
155
1129
621
436
359
160
2153
10
1550
721
1415
65
175
88
164
818
1186
529
38
618
2930
10
365
433
61
13005
796
94
723
901
111
104
172
2793
1485
94
208
248
83
2453
619
554
22
604
97
2841
13298
10
610
2071
0
218
1040
462
367
234
6
747
1139
5
11
40
345
632
1766
1314
60
10
211
26
1859
1401
407
66
132
407
65
407
15
29
520
407
633
127
144
50
0
407
61
900
816
427
1078
6957
271
33
29
103
463
34
1229
21555
22797
542
9
4067
11
1581
1234
1444
1191
1118
868
170
382
779
40565
133
488
371
19
278
996
4304
158
2020
495
345
192
141
64
71
261
469
29
116
2
0
1384
433
1265
307
137
76
465
107
22
1077
804
1163
42271
583
95
161
17761
443
70171
958
116
76
1089
259
56
83
252
45935
176
513
507
787
747
95
492
1753
246
70171
7758
190
1078
10
112
30
58
1226
66
1456
71
1628
791
169
1943
26
1332
3736
556
3637
297
338
3
341
7545
76
1336
1043
18
9
19
78
286
178
639
21
1099
170
22
235
4450
21
319
29
159
854
111
1270
20
228
104
296
224
125
10651
773
1451
433
227
4907
68
340
12
336
764
241
262
836
566
51
228
619
372
8261
4810
462
284
5157
246
0
125
90
10305
55
1266
19
2760
195
167
244
826
5749
3074
3506
520
164
54
45
101
11793
987
48
16387
27156
204
36
317
121
123
13
25
463
576
71
888
109
81
115668
249
2766
1169
172
199
1155
307
436
123
68
293
429
22
1169
1628
10
1227
959
2497
211
200
123
1
471
29
420
559
3973
6374
123
311
1184
268
284
1143
43938
81
141
291
123
797
675
199
115
10
120
10
168
1055
98
173
39
81
796
199
548
123
115
724
20
12
109
12631
38
6
591
520
311
508
179
559
8
2822
134
364
968
870012
263
775
438
281
0
699
238
496
1840
2766
40565
55
387
1020
157
3895
2210
132
20
1930
263
109
16
3416
4449
22
773
56
72
1688
69
38
3019
316
84
920
85
724
124
804
1358
147
82
24779
29
7116
1244
77
1205
3018
5729
20
171
270
38
769
200
28
4082745
18433
273
202
38
19
65
371
10
3
104
18716
105
486
1628
1074
2494
401
308
432
216
57
71
192
74
357
2954
1074
64
13
1560
183
1204
60
1783
8221
67
1074
314
902
66
696
74
6
18433
648
10184
1150
1061
480
189
47
521
1132
1357
66
182
6175
1181
15
363
6
71
172
74
268
929
1
3861
2003
46
328
543
7262
6
109
540
1449
3821
5848
13
428
48245
320
78
227
98
135
196
37
599
2341
366
327
87
476
433
1250
0
513
794
2210
2515
286
651
885
911
536
34
560
142
48
1117
65
403
1164
369
370
36
83
10
143
80
29
282
320
545
1628
131
38
71
483
564
12
87
224
958
188
769
453
169
2731
376
6710
139
177
406
545
181
665
20027
1031
1862
311
22
27
6
0
752
386
365
2154
113
57
924
462
48
2847
2836
419
2784
171
80
329
3651
33
181
2998
4
582
263
2796
1243
152
5777
1415
100
29
448
24055
109
71
195
78
497
742
433
132
260
85
118
239
221
90
2649
148
361
206
2415
1628
10
341
1079
8136
1
901
876
97
2118
2412
74485
254
325
650
701
1259
329
4121
406
2443
170
659
1163
278
379
96
125
249
86
1
29
155
25
797
225
169
118
1247
1147
33
6423
2622
179
202
830
236
370
6928
789
294
2239
207
901
550
84
167
218
56094
468
267
154
394
347
417
810
942
1340
174
235
371
15
371
318
204
796
48
309
72
408
70
477
525
914
1828
90
223
152
1476
832
6655
2210
1336
151
214
265
92
22
48
427
507
19
3343
29
455
746
93
221
20
345
4705
1156
1686
2911
85
1214
296
1628
1053
298
710
127
734
23
198
186
491
75
112
854
1752
302
795
46
720
841
0
145
425
335
4
3809
6668
423
2117
410
921
3465
130
10
10
184
832
167
160
8
46
46
553
4927
12646
947
988
948
816
299
1032
7207
570
553
457
33
7207
332
21
14176
7207
117
1055
114
83
749
13
4667
75
7207
149
165
131
229
449
3447
433
7207
26171
1147
170
227
54
1063
122
2052
58
2585
139
29
1584
96
46
146
1722
2132
3517
2302
54
105
230
2539
192
519
42
33
271
354
47
1628
8405
797
44
203
365
332
41
254
50
6376
2210
347
5861
626
919
489
277
446
79
312
2050
103
16264
4461
15935
12873
185
4110
158
63
1132
161
253
946
140
68
136
46
364
325
187
598
907
4
817
619
6
6710
193
44286
10
333
1013
501
354
1045
748
27
125
547
37380
98
5578
131
408
403
2863
18
8269
441
16
106
817
58
80
200
14958
127
2031
26
2
40
22
593
176
282
19
263
564213
13612
55
176
3234
236
153
250
214
131
147
3110
712
362
595
1628
152
1586
262
125406
307
2
326
923
326
751
229
675
2687
19680
239
6
3004
270
38
675
388
190
1437
18433
93
176
287
1530
42
1378
1144
506
252
655
151
245
180
9
998
38
78
399
33976
10
3305
615
1280
71
104
38
414
656
35
401
44
2860
463
38
321
164
228
462
15
398
325
356
547
42
63
380
17390
63
491
318
908
1218
517
2481
33
204
294
5170
71
177
3336
605
1198
44
205
3336
18433
28
1766
1101
1221
46
40
368
361
922
29
413
109
414
155
145
331
830
1799
61
530
724
590
57
3116
472
287
223
77
76
2275
92
2816
1628
256
109
910
638
188
136
54
31
821
87
1325
100
2317
260
1538
731
204
1061
78
94
9116
75
10
109
706
1042
385
394
680
2234
244
729
877
520
780
57
827
125
0
288
45
228
109
336
680
53
94
199
596
902
15
8
596
1345
10
1776
96
532
342
334
294
549
282
1475
803
803
65
6
988
568
6499
1156
14
537
18
11270
781
494
31
114
1745
642
2022
493
12075
1967
286
283
39
168
480
153
15831
1184
582
48518
454
522
194
1916
133
257
169
1213
1728
27
14
5359
185
1388
1
1371
3045
542
3036
381
1628
803
728
304
500
1102
653
1431
624
670
620
275
1728
134
376
6
640
215
3234
297
140
77
2029
16
1745
4196
530
26
134
197
152
3558
178
421
900
577
1564
663
4209
2315
411
304
139
794
16286
1061
229
10783
39
29
16
4362
292
1112
266
118
1268
2092
786
90
1248
6
1314
375
36
43
446
1166
3234
6678
2193
4329
728
86
510
222
211
2894
382
1
91
1129
76
2542
12805
611
616
1728
310
943
1677
263
5160
399
93
2879
342
699
670
54571
409
270
112
390
438
20
42
2029
310
247
1992
132
3378
26
32
159
214
264
471
76
580
553
7
242
3234
117
29
151
324
360
176
640
1145
778
525
87
134
3168
32
24
707
265
67
240
12
385
18
184
14
241
190
676
557
5878
10
191
781
3009
67
3775
204
444
313
37406
11
3136
2408
133
2703
614
232
2695
1434
498
3102
331
121
180
458
581
115
342
1185
91
560
3095
2525
19
190
367
2210
42
893
901
1377
7
177
81
275
4953
73
885
663
266
5639
1128
300
429
29
50
23
449
2580
177
1916
41
456
194946
523
2441
4794
113
513
236
145
130
495
112
220
244
216
149
3234
185
64
918
412
178
36
0
53509
13752
102
75
1039
107
96
19
32186
10
659
137
2099
100
360
531
1272
343
1562
29
190
167
901
4598
309
34
36
3237
923
245
19
193
1149
4075
725
816
2
956
266
171
124
226
54
138
112
431
7
3771
106
100
400
376
3074
127
490
57
50
206
1451
3234
359
216
460
41925
209
871
387
0
3469
677
1426
347
236
336
2424
10
386
706
990
145
589
2308
1063
741
467
420
281
412
463
332
159
282
1015
50
1701
707
229
7288
347
356
87
29
2221
847
137
947
177
1379
184
564
8
128
106
130
23
1254
852
170
412
18771
3234
1086
151
121
221
50
38
305
851
194
642
2398
79
2825
3399
10782
119
775
1325
17
401
10
0
5
46
515
54
358
2497
796
1752
227
543
286
715
385
476
3599
2771
50
454
340
508
2137
451
4
206
532
50
682
412
213
69
110
39
12
46
45935
2677
2656
2874
6
44
3234
909
127
106
14
298
114
103
312
1214
115
696
732
470
192
7
1
106
602
647
2479
273
1622
1592
33
0
63
1194
326
389
82
64
224
336
1218
133
95
82
412
232
94
50
927
10
139
3088
2854
167
150
1203
683
23
118
19
3234
3826
2047
125
194
4
51
757
972
83
775
59
2809
155
1163
299
466
215
145
860
125
22
245
6
19
846
29
412
309
204
178
19008
330
84
3702
1
137
642
38
860
4826
42
307
3521
437
5326
481
73
113
443
106
277
188
2021
1446
692
1132
419
111
122
105
74
216
131
38
507
8
231
370
138
322
276
910
21
18051
240
38
412
2285
324
888
10
1672
553
309
393647
710
1307
437
18716
181
363
38
3017
120
404
29
1
963
1347
2381
492
38
60
83
1719
572
121
1009
4
2436
42
971
3140
994
15
38
590
655
364
48
112
1758
2416
1372
114
66
207
33
334
3140
725
5
6110
13
13
87
6
412
7190
55763
250
59
245
522
19
293
41
23999
178
433
960
216
66
365
181
1189
374
265
2506
860
282
982
771
29
182
18306
